Customer#000000001	0.0
Customer#000000010	0.0
Customer#000000100	0.0
	34859.03
	104897.03
	323721.76
	197827.07
	287433.56
	50880.61
	106384.57
	203447.04
	55342.81
	101755.52
	207991.38
	103711.52
	88899.1
	172584.03
	127063.5
	197059.49
	230180.07
	68438.24
	175387.25
	251014.66
	16991.41
	218213.84
	285767.43
	54569.94
	76025.29
	443259.85000000003
	156454.36
	184601.71
	6382.62
	165969.88
	248544.22
	17418.38
	116414.0
	282238.37
	58841.23
	40978.34
	262416.66
	251589.3
	171998.0
	131027.43
	132779.17
	212412.84
	258637.58
	205221.74
	189547.26
	94245.9
	18829.9
	179275.66
	309202.2
	235894.26
	93568.41
	160934.38
	99563.9
	289425.45
	117469.03
	273546.91
	151516.38
	112566.36
	121052.82
	94855.63
	89834.79
	269877.97
	295927.93
	198636.81
	154330.09
	98665.61
	210566.35
	64676.04
	315425.71
	212405.4
	60296.86
	6392.48
	147594.03
	233051.8
	75708.87
	193388.35
	79374.91
	18985.72
	189313.53
	125117.13
	85101.46
	106857.46
	288338.32
	15167.24
	144625.8
	237588.95
	332224.29
	105629.33
	187348.1
	158592.45
	204912.41
	339300.65
	77192.58
	73702.82
	235081.12
	179536.95
	143890.4
	250006.03
	171318.37
	118588.42
	219669.64
	57308.88
	258037.9
	146130.26
	271476.61
	186827.79
	36788.14
	36743.17
	138745.22
	250052.8
	39267.96
	239435.08
	51737.44
	233237.31
	106299.99
	118241.28
	57434.51
	214943.5
	221240.57
	80613.55
	27603.25
	152632.82
	157949.0
	75900.87
	268731.75
	73253.76
	81044.73
	274538.86
	90539.45
	79126.93
	180702.4
	160952.21
	244299.88
	14534.49
	242890.66
	211162.52
	129418.7
	37091.77
	216359.2
	171109.1
	38043.45
	150235.26
	337312.27
	71470.74
	275226.15
	67310.29
	183010.93
	88460.35
	288233.19
	63527.46
	160129.1
	14240.52
	169500.99
	213797.1
	79824.73
	199221.27
	43450.99
	235451.82
	47340.99
	69168.33
	130164.32
	39832.68
	160567.18
	261420.29
	272353.52
	60912.63
	111564.52
	266424.13
	20849.85
	101112.34
	61032.56
	272567.82
	101210.87
	38451.38
	171309.71
	192529.63
	127588.25
	84636.21
	92787.52
	317656.95
	125260.76
	276393.7
	57314.51
	165593.44
	61330.89
	238672.11
	142365.42
	240996.17
	252613.99
	193660.13
	88976.38
	94646.92
	121810.59
	122745.18
	145159.91
	97020.95
	141940.34
	220612.75
	138581.76
	345006.71
	159367.39
	346082.98
	196801.37
	307008.93
	184183.1
	260764.22
	198354.27
	117931.48
	192329.03
	105130.28
	273310.3
	102672.4
	221025.17
	175968.02
	27853.55
	168011.27
	200247.9
	316313.29
	208323.44
	62450.28
	50731.71
	238462.76
	259498.78
	362347.34
	188852.49
	164426.72
	224196.13
	241770.1
	97690.96
	321073.18
	190489.6
	66490.47
	92171.17
	194479.99000000002
	28648.47
	280307.01
	228753.74000000002
	84817.5
	84071.19
	86003.83
	21421.79
	198930.0
	332247.47
	100623.34
	17169.91
	72218.25
	208911.2
	165706.07
	147544.68
	304140.5
	166764.02
	204387.03
	109507.14
	212178.27
	279078.43
	337305.86
	184656.34
	63902.78
	294552.42
	143702.15
	118189.97
	95755.3
	189300.16
	68407.7
	339302.11
	257711.24
	187954.92
	112842.57
	130448.21
	28348.57
	36775.69
	75625.87
	97411.47
	140153.13
	303083.04
	43266.71
	221011.72
	94761.52
	300038.99
	341327.6
	145950.01
	144646.38
	219850.94
	286446.2
	146628.71
	259184.6
	280549.26
	72888.93
	84177.56
	108322.27
	195502.16
	85274.38
	171149.76
	267524.93
	135805.09
	308985.21
	188853.3
	83121.12
	68989.9
	221883.51
	154451.92
	128155.63
	260198.49
	126173.44
	193966.39
	83104.66
	64465.54
	180947.65
	61659.75
	184417.04
	174509.05
	306779.81
	67898.86
	262637.18
	90221.54
	90078.05
	14783.95
	178876.93
	217112.75
	241534.7
	281982.33
	45088.24
	198095.46
	264891.35
	139628.06
	42569.48
	53659.19
	64845.45
	61474.65
	207700.74
	272079.01
	280252.13
	152692.89
	61987.93
	171419.15
	319421.47
	141037.13
	46493.93
	213190.43
	45845.4
	87786.42
	155463.9
	202906.66
	9044.19
	275794.45
	247302.73
	195138.56
	238333.01
	47204.05
	60291.34
	239212.57
	290407.91
	174952.74
	97953.4
	110135.23
	140789.9
	229180.02
	156166.05
	53623.13
	15418.02
	265468.65
	101085.93
	50185.86
	282851.27
	70739.8
	75623.88
	30299.67
	410921.49
	188665.1
	65276.33
	70196.29
	120545.37
	137904.19
	53126.9
	283105.2
Customer#000000011	0.0
	37625.29
	182173.54
	96670.33
	257021.61
	130406.53
	176189.31
	340079.82
	223346.94
	68392.34
	274190.42
	163985.46
	87602.26
	77340.4
	258541.02
	244193.76
	465136.87
	86451.68
	146138.46
	41501.75
	295511.55
	149896.87
	59693.83
	86953.29
	75431.31
	32586.85
	98812.6
	36015.13
	73762.89
	230920.69
	403484.1
	237260.07
	53247.63
	95554.25
	303811.13
	54607.11
	129651.08
	122839.83
	87481.46
	307249.21
	219257.32
	184085.93
	116931.74
	35980.35
	277770.83
	251429.18
	133952.62
	127416.33
	264655.02
	188125.46
	23018.66
	136558.82
	13301.81
	82281.07
	387292.8
	93019.1
	233701.83
	158591.29
	213076.69
	158440.32
	176953.4
	174603.19
	143514.57
	48123.38
	130989.9
	205502.56
	136978.11
	277771.58
	50186.68
	111313.41
	58354.5
	303516.34
	137352.16
	20270.95
	343872.21
	63172.52
	178545.27
	97236.33
	198958.03
	251587.78
	143210.7
	255543.96
	53315.56
	90109.24
	233521.71
	97148.68
	254043.69
	62332.59
	49778.69
	3904.4
	12810.11
	264092.9
	56089.78
	115255.94
	80861.48
	160369.99
	315553.21
	255317.68
	5069.32
	140663.5
	166753.71
	335208.45
	215152.34
	67248.26
	207785.27
	71742.26
	75923.44
	131786.57
	366621.42
	102659.53
	239703.86
	243877.29
	245124.04
	82582.03
	78456.01
	170554.17
	240180.96
	161374.52
	187076.91
	148186.29
	91193.73
	63216.65
	102190.48
	257875.41
	4184.56
	130457.76
	117169.7
	27033.9
	142572.96
	63497.64
	184895.74
	53844.29
	39587.63
	290301.3
	81641.43
	63893.4
	33457.63
	11548.33
	130161.4
	116174.86
	131258.3
	136847.03
	60370.42
	165425.95
	262254.79
	221000.8
	271866.0
	72949.43
	121481.05
	235639.81
	23766.4
	122571.16
	176520.13
	65340.38
	130666.99
	195900.91
	92223.84
	176163.64
	147670.71
	196280.07
	321662.46
	167749.59
	222061.87
	131357.79
	24592.45
	76107.94
	78556.66
	61508.76
	52430.35
	35437.06
	223868.4
	222230.38
	179384.46
	49129.83
	154654.3
	210676.13
	90587.64
	65462.43
	232206.11
	94485.71
	103326.79
	163153.12
	190888.73
	102936.48
	136714.24
	286171.22
	76045.87
	55216.28
	26509.98
	319839.99
	100486.18
	68289.96
	168215.7
	90740.96
	202032.54
	79195.18
	65698.21
	54974.74
	49837.43
	229506.58
	31904.6
	146795.58
	54359.04
	207041.54
	136661.26
	13607.75
	250457.03
	176240.64
	37532.18
	89744.97
	46012.8
	85807.18
	102859.15
	58046.09
	334687.42
	203352.92
	253355.09
	93854.58
	29220.58
	157699.41
	83135.21
	356017.24
	292374.19999999995
	144879.92
	21191.41
	197379.11
	85725.33
	63908.06
	268124.78
	149369.68
	42247.0
	303631.2
	145506.12
	177833.12
	91536.24
	272894.16000000003
	40294.43
	106856.48
	144160.15
	94536.93
	189761.05
	70596.44
	261607.75
	71591.57
	115720.29
	242948.7
	151796.12
	95911.4
	189073.33
	245653.31
	43321.59
	69841.71
	354837.85
	84443.37
	23892.73
	19737.57
	25125.1
	127163.74
	51306.86
	103690.84
	301422.72
	7476.55
	354718.43
	267310.16
	130757.01
	182132.5
	43353.57
	204727.82
	159717.57
	252694.13
	137791.89
	200453.3
	67837.96
	102787.0
	321471.6
	3289.94
	41792.61
	114682.39
	119903.52
	114486.7
	162965.62
	201149.23
	252651.42
	244952.63
	58641.1
	154130.13
	3680.94
	38476.57
	177233.22
	114712.59
	240576.76
	99019.42
	133933.89
	203360.45
	98917.53
	141878.04
	27276.95
	155094.8
	300053.86
	192169.84
	195380.58
	145800.14
	95974.46
	275144.42
	82178.15
	6432.74
	17323.43
	203934.91
	139812.18
	63001.5
	198172.95
	126297.03
	61183.61
	19549.16
	74317.78
	95812.58
	98452.74
	318080.62
	59204.86
	263424.11
	187328.15
	145851.7
	84012.8
	236982.59
	48261.11
	133591.6
	114861.32
	92769.14
	211215.45
	200386.63
	295847.65
	219920.08
	184629.99
	48796.26
	219226.67
	130393.01
	148902.98
	317482.43
	157416.33
	318173.52
	17126.2
	293328.2
	51634.31
	240615.01
	54011.96
	71124.35
	44512.93
	76002.12
	25973.93
	50465.31
	115089.72
	120697.27
	139810.35
	69569.81
	339826.31
	121755.92
	239486.51
	60385.13
	236994.1
	160067.07
Customer#000000012	0.0
	388289.1
	24976.98
	241835.77
	185321.31
	208021.42
	186268.75
	218255.77
	230899.31
	57445.07
	216901.66
	35669.24
	46581.28
	205844.68
	247524.25
	96260.89
	230931.46
	159611.81
	174742.42
	117527.14
	33000.75
	15607.26
	171861.43
	84055.78
	120008.31
	271103.53
	153928.15
	80234.88
	151574.05
	21559.6
	286834.34
	251489.79
	110842.32
	166787.74
	49233.4
	232703.17
	196418.52
	261255.19
	126006.68
	209815.7
	183494.32
	188607.71
	180920.59
	122748.9
	58206.51
	101396.12
	140527.15
	87605.3
	100472.94
	69308.85
	160413.06
	353294.29
	185615.8
	15099.62
	187346.15
	288928.53
	120124.64
	93086.64
	208875.41
	118277.42
	98955.04
	51767.58
	180758.52
	141801.55
	12536.25
	112332.84
	307755.18
	187464.52
	177531.02
	362045.33
	204715.15
	165815.17
	286653.8
	165034.75
	217057.81
	265432.76
	19371.76
	70250.45
	174955.42
	240492.12
	239614.18
	84332.36
	251526.48
	281687.33
	99080.99
	84853.2
	111790.6
	131621.48
	213098.42
	5350.06
	217594.59
	221964.01
	65762.34
	75632.16
	127318.22
	52187.98
	98919.41
	174723.92
	86823.16
	209057.76
	144999.41
	265408.13
	8649.81
	73968.33
	292832.91000000003
	158431.09
	176026.63
	89198.18
	249130.23
	354441.94
	398984.47
	108246.29
	153073.88
	138643.15
	47484.95
	237990.66
	254665.15
	103309.54
	39653.24
	160227.18
	290961.92
	167942.21
	136208.04
	62405.44
	298701.75
	254011.13
	207571.18
	5178.27
	51356.64
	193846.25
	118837.07
	323959.28
	334519.44
	324059.95
	47288.92
	303069.34
	76159.44
	132117.73
	209337.5
	135656.28
	110225.44
	114749.48
	222616.28
	247487.5
	193390.44
	95233.18
	133727.95
	51439.55
	9487.44
	257079.5
	4577.81
	73959.85
	146546.45
	264228.22
	162029.47
	258182.94
	314020.95
	152406.3
	168351.37
	116370.15
	42651.78
	281791.89
	217358.94
	11512.72
	267078.66
	213226.05
	146595.92
	204680.37
	105346.77
	254509.77
	230338.85
	222071.87
	111062.89
	58076.95
	203903.7
	180616.67
	62967.66
	66383.28
	338272.43
	176583.07
	240826.08
	29266.4
	232321.35
	35184.9
	235117.61
	192134.85
	225988.89
	87720.37
	63478.49
	248248.36
	187594.86
	142184.38
	130775.45
	56025.51
	242972.6
	97937.88
	249563.98
	155894.67
	206966.71
	101829.47
	138508.42
	59699.85
	146944.15
	178254.93
	206174.23
	56337.13
	229545.77
	327798.29
	162085.18
	221703.39
	5162.84
	220575.88
	221056.28
	68220.18
	191521.4
	5728.69
	206579.62
	102622.88
	120011.17
	39225.72
	78677.01
	54629.7
	44349.22
	201022.96
	45026.09
	119405.95
	74534.38
	288479.86
	313879.82
	69569.64
	51311.67
	515517.04
	267058.03
	196768.78
	69154.63
	54343.67
	133623.49
	191596.13
	176532.08
	78296.42
	104278.96
	167997.02
	222511.06
	110045.54
	132483.42
	134655.07
	130308.13
	25736.61
	62764.6
	355676.38
	122679.02
	101971.72
	8684.77
	129872.68
	173111.14
	58905.28
	142620.9
	321730.25
	73114.43
	235640.55
	198425.81
	127308.65
	218854.63
	80389.26
	196382.7
	211953.11
	297459.25
	185840.54
	223198.11
	9161.65
	222638.33
	104458.3
	113754.36
	123366.83
	182129.49
	301595.05
	90298.27
	158650.4
	210182.21
	131457.71
	313134.62
	157256.5
	30507.17
	597368.73
	90529.92
	133182.13
	253724.56
	24832.29
	93840.55
	141046.47
	33019.05
	292269.01
	152074.28
	110630.56
	211867.07
	197980.9
	108516.65
	151063.82
	228571.22
	65923.4
	213609.54
	75003.56
	123277.2
	158835.48
	198912.38
	185224.82
	6317.59
	188960.85
	324617.92
	345858.04
	196515.03
	127967.41
	201896.15
	304902.92
	270668.81
	62765.16
	288563.53
	108900.14
	14599.23
	329730.93
	147101.33
	176164.16
	130817.78
	14489.17
	199052.68
	101847.02
	197362.5
	248601.24
	46291.08
	132984.04
	245432.86
	100213.53
	354575.46
	76408.07
	36191.87
	18306.34
	91244.55
	300627.68
	251851.67
	212674.51
	198634.91
	228332.57
	103740.67
	71789.66
	237555.71
	234996.1
	28055.22
	60656.66
	179415.08
	132088.05
	213251.58
	167858.51
	171929.25
	224857.38
	148541.0
	32005.24
	138383.76
	283472.45
	43967.22
	75637.3
	190982.15
	237344.95
	11196.94
Customer#000000013	0.0
	208660.75
	112390.17
	87434.43
	154741.44
	265277.0
	146289.82
	254303.94
	283172.56
	32019.78
	69453.08
	344629.82
	133895.0
	39019.81
	136378.5
	240748.13
	85791.89
	129515.83
	118393.18
	11089.06
	8450.22
	24922.73
	226794.85
	28280.69
	199093.49
	186597.62
	272293.29
	64153.32
	144215.28
	233354.39
	6952.74
	301151.77
	82144.71
	152438.0
	7390.35
	28489.73
	113830.89
	225005.61
	40824.77
	249659.78
	255603.17
	251210.2
	33645.72
	95177.73
	99993.63
	286919.55
	104966.73
	291159.95999999996
	177800.81
	31684.64
	217527.16
	236220.87
	138140.77
	226751.52
	292756.58
	200868.36
	107961.32
	274009.29
	350139.4
	228023.05
	62931.48
	80117.78
	79211.83
	198813.87
	54471.93
	298779.06
	133778.1
	5720.16
	33523.3
	145309.08
	62519.9
	137681.92
	208937.05
	150178.13
	204225.7
	110139.19
	225172.68
	295809.36
	175771.93
	58434.69
	177696.5
	197398.78000000003
	366492.91
	51373.75
	131224.85
	272626.08
	173107.75
	41209.39
	166307.57
	61161.76
	89384.63
	29254.45
	123670.62
	175698.34
	148404.99
	243053.46
	277504.61
	239237.99
	136236.95
	91637.84
	66345.41
	129221.71
	288933.27
	319644.16
	112195.77
	93907.05
	80422.41
	137083.82
	14957.04
	213002.92
	205623.5
	144265.45
	123214.5
	314966.84
	152618.05
	155911.15
	236584.55
	253709.28
	117067.27
	199156.3
	20174.42
	64368.4
	94661.25
	100620.62
	55884.67
	263140.62
	88329.28
	19583.88
	455606.6
	116642.2
	255744.84
	103250.0
	60207.25
	72431.19
	22818.17
	76195.47
	92944.98
	218823.99
	336471.84
	22200.15
	38841.27
	96017.24
	309251.88
	214783.03
	214454.86
	117116.88
	287042.16
	461021.03
	48541.47
	218618.7
	85456.74
	117257.88
	64694.15
	93901.59
	131758.79
	158692.86
	112619.82
	119058.03
	66063.58
	45129.18
	273723.67
	307569.29
	153010.77
	212842.73
	129150.91
	123681.03
	210628.88
	6674.34
	138134.23
	149729.84
	111462.64
	71694.32
	70390.05
	49307.63
	70794.44
	25693.05
	21522.12
	6979.78
	11025.39
	278200.56
	270229.33
	50600.56
	142592.23
	334173.55
	318846.77
	126196.76
	68930.45
	254397.52
	75213.03
	223254.75
	234270.44
	155103.14
	297524.55
	230052.32
	230171.93
	63426.13
	269387.58
	36871.83
	213143.17
	49031.9
	41193.21
	13060.66
	190975.25
	121436.52
	157289.81
	341333.27
	214970.09
	21994.38
	241626.31
	282623.67
	297293.53
	322704.4
	153386.6
	11769.97
	121175.15
	113549.9
	81096.14
	188485.86
	188842.39
	265770.46
	29220.12
	146168.49
	207943.58
	233909.35
	292123.71
	144216.13
	41638.66
	67238.96
	49042.56
	77423.85
	102989.87
	58527.5
	68089.43
	9112.78
	32151.78
	29220.01
	85588.52
	154884.58
	187251.27
	117095.82
	84184.4
	54034.9
	192359.92
	218030.09
	124917.07
	61149.8
	181020.35
	320159.57
	111221.86
	18212.59
	268594.21
	125004.71
	234270.37
	232352.34
	136190.94
	251429.78
	56314.44
	98601.83
	10046.92
	141335.18
	147560.49
	166109.83
	240716.32
	91691.85
	132492.25
	66177.97
	261061.21
	194544.62
	144863.58
	307167.12
	27818.99
	50875.04
	81948.65
	95201.66
	68592.61
	13352.43
	37048.54
	128211.9
	137015.92
	301637.55
	9647.42
	113105.96
	66228.18
	208740.52
	216085.12
	194669.66
	26663.0
	135388.79
	125018.23
	217160.72
	209494.55
	129443.15
	258965.87
	43840.97
	45156.3
	156497.74
	282203.81
	69312.12
	70966.37
	153296.17
	7016.23
	170420.27
	89507.85
	41701.1
	97406.68
	80996.93
	231461.99
	6206.79
	266682.8
	164685.92
	101248.34
	55063.28
	192193.98
	150783.54
	315243.61
	131815.3
	117925.35
	236776.11
	275464.12
	240574.5
	319102.82
	79482.27
	66611.12
	191046.0
	151077.26
	138080.68
	272749.47
	139974.65
	52085.88
	33962.48
	140766.06
	267135.91
	128652.43
	68975.9
	38838.18
	13894.07
	107975.85
	10515.03
	70929.53
	162416.34
	17727.61
	234679.0
	228200.22
	91408.97
	115899.56
	273287.98
	321097.33
	57078.6
	329309.5
	291021.5
	103696.31
	193785.28
	118512.7
	137462.65
	157103.19
Customer#000000014	0.0
	114897.1
	297987.4
	199810.29
	271903.4
	132262.38
	150026.38
	196995.87
	127518.97
	128692.66
	347538.27
	55020.35
	58119.57
	210541.62
	76570.9
	381759.82
	225944.14
	146735.24
	98903.69
	152543.04
	103735.07
	285211.36
	99061.15
	230621.15
	225263.94
	89410.78
	44488.0
	50296.15
	79570.64
	21445.99
	182017.77
	256983.67
	146296.1
	85800.85
	15310.39
	320379.06
	139112.95
	160476.03
	4734.22
	62377.04
	162471.19
	108550.11
	96337.3
	420854.81
	2726.45
	253139.75
	139052.72
	127142.91
	106370.86
	139566.01
	166023.79
	312244.95
	96150.72
	209498.69
	118397.97
	360337.91
	167856.34
	113927.25
	180043.15
	70185.45
	88645.28
	70279.09
	260831.73
	254174.7
	254673.93
	34074.88
	45665.32
	14769.64
	163040.29
	317336.85
	189753.95
	59775.46
	70597.85
	171381.2
	118055.46
	63902.18
	34094.95
	75527.54
	188181.45
	75909.8
	68852.0
	252772.47
	72498.27
	178311.58
	133965.25
	221669.94
	118322.67
	196352.24
	17572.23
	88551.05
	201375.79
	227809.75
	216639.54
	271900.83
	106913.42
	23244.35
	200249.75
	238674.74
	178001.07
	80912.66
	72001.94
	221405.97
	260921.16
	36157.2
	218311.17
	67299.6
	43900.58
	163858.81
	175865.64
	161840.84
	17348.59
	310554.13
	161057.77
	260269.47
	97690.02
	114856.68
	243697.88
	145749.96
	144731.03
	215516.21
	258096.73
	114081.34
	108224.76
	153323.7
	207264.5
	274329.97
	168539.33
	226658.87
	40850.79
	207374.12
	229177.03
	209334.51
	26988.88
	145657.98
	77390.41
	34766.07
	71627.94
	139450.09
	135460.56
	19109.31
	77523.4
	143015.1
	245460.19
	30727.35
	197266.8
	73443.22
	109764.01
	201916.85
	183888.68
	224472.99
	313885.43
	146724.12
	268705.92
	108276.71
	298696.07
	237565.34
	213147.82
	59737.84
	38990.26
	38488.56
	96283.47
	19687.94
	93782.6
	80733.14
	59362.79
	13829.56
	44445.98
	303670.64
	153447.16
	150596.93000000002
	130356.81
	170055.68
	50444.39
	277107.27
	242597.58
	62942.83
	112295.59
	106904.91
	112135.75
	348740.47
	232820.48
	170242.15
	228083.31
	305360.73
	176871.35
	172115.35
	212116.8
	331800.58
	177157.0
	280981.64
	157008.13
	285961.27
	305932.1
	257006.46
	196817.08
	274442.4
	253730.68
	207589.17
	278130.44
	126355.79
	95476.02
	84060.26
	203184.02
	219460.54
	79790.22
	174909.99
	295696.99
	405145.43
	108019.76
	63028.68
	181733.44
	137366.16
	71437.17
	248738.69
	123744.14
	183005.23
	252625.99
	102225.67
	82606.99
	165676.44
	123111.71
	50621.66
	16241.94
	52396.51
	207233.22
	229215.94
	152233.17
	204224.29
	220783.03
	147263.92
	118880.03
	67697.79
	35351.64
	50166.3
	272526.19
	209439.04
	32909.32
	75824.36
	153919.3
	181943.65
	289770.05
	49590.3
	187782.63
	83592.33
	250107.32
	33841.14
	153492.61
	349017.24
	273363.43
	256274.52
	8325.83
	100266.94
	168278.1
	263693.12
	254481.66
	313665.61
	121847.42
	151552.5
	141726.48
	135335.68
	339760.65
	390436.8
	185984.42
	155823.98
	255421.59
	79989.36
	21710.19
	256819.2
	189936.26
	55110.15
	73346.85
	138446.52
	291987.04
	297748.47
	203919.56
	122734.09
	20881.93
	270744.27
	227607.44
	29496.41
	108848.34
	219122.95
	149735.9
	243339.38
	69544.18
	571817.61
	234944.16
	73695.32
	141636.25
	401964.93
	118908.91
	136543.45
	239372.34
	169074.39
	246678.04
	165662.68
	77229.64
	71143.51
	341695.22
	42138.91
	96649.68
	28429.46
	69941.02
	205835.31
	80027.66
	226297.71
	93424.23
	312003.0
	199374.26
	89833.65
	177108.25
	62108.42
	102904.32
	23232.4
	211273.88
	183984.28
	160315.33
	170548.19
	260166.98
	224922.98
	173989.36
	145797.35
	153477.64
	156495.45
	188906.7
	154831.22
	272029.5
	319560.8
Customer#000149601	0.0
Customer#000149602	0.0
Customer#000149603	195888.98
Customer#000149604	0.0
Customer#000149605	0.0
Customer#000149606	0.0
Customer#000149607	0.0
Customer#000149608	0.0
Customer#000149609	0.0
Customer#000149610	0.0
Customer#000149611	132144.17
Customer#000149612	0.0
Customer#000149613	0.0
Customer#000149614	0.0
Customer#000149615	0.0
Customer#000149616	0.0
Customer#000149617	0.0
Customer#000149618	0.0
Customer#000149619	0.0
Customer#000149620	0.0
Customer#000149621	0.0
Customer#000149622	0.0
Customer#000149623	0.0
Customer#000149624	0.0
Customer#000149625	0.0
Customer#000149626	0.0
Customer#000149627	0.0
Customer#000149628	0.0
Customer#000149629	0.0
Customer#000149630	0.0
Customer#000149631	0.0
Customer#000149632	0.0
Customer#000149633	0.0
Customer#000149634	0.0
Customer#000149635	0.0
Customer#000149636	0.0
Customer#000149637	0.0
Customer#000149638	0.0
Customer#000149639	0.0
Customer#000149640	0.0
Customer#000149641	0.0
Customer#000149642	0.0
Customer#000149643	0.0
Customer#000149644	0.0
Customer#000149645	0.0
Customer#000149646	0.0
Customer#000149647	0.0
Customer#000149648	0.0
Customer#000149649	0.0
Customer#000149650	0.0
Customer#000149651	0.0
Customer#000149652	0.0
Customer#000149653	0.0
Customer#000149654	0.0
Customer#000149655	0.0
Customer#000149656	0.0
Customer#000149657	0.0
Customer#000149658	0.0
Customer#000149659	0.0
Customer#000149660	0.0
Customer#000149661	0.0
Customer#000149662	0.0
Customer#000149663	0.0
Customer#000149664	0.0
Customer#000149665	0.0
Customer#000149666	0.0
Customer#000149667	0.0
Customer#000149668	0.0
Customer#000149669	0.0
Customer#000149670	0.0
Customer#000149671	0.0
Customer#000149672	0.0
Customer#000149673	0.0
Customer#000149674	0.0
Customer#000149675	0.0
Customer#000149676	0.0
Customer#000149677	0.0
Customer#000149678	0.0
Customer#000149679	0.0
Customer#000149680	0.0
Customer#000149681	0.0
Customer#000149682	0.0
Customer#000149683	0.0
Customer#000149684	0.0
Customer#000149685	0.0
Customer#000149686	0.0
Customer#000149687	0.0
Customer#000149688	0.0
Customer#000149689	0.0
Customer#000149690	0.0
Customer#000149691	0.0
Customer#000149692	0.0
Customer#000149693	0.0
Customer#000149694	0.0
Customer#000149695	0.0
Customer#000149696	0.0
Customer#000149697	0.0
Customer#000149698	0.0
Customer#000149699	0.0
Customer#000149700	0.0
	37074.64
	214927.14
	108472.18
	61077.7
	249303.89
Customer#000149901	0.0
Customer#000149902	0.0
Customer#000149903	0.0
Customer#000149904	0.0
Customer#000149905	0.0
Customer#000149906	0.0
Customer#000149907	0.0
Customer#000149908	0.0
Customer#000149909	144829.8
Customer#000149910	0.0
Customer#000149911	0.0
Customer#000149912	0.0
Customer#000149913	0.0
Customer#000149914	0.0
Customer#000149915	0.0
Customer#000149916	0.0
Customer#000149917	0.0
Customer#000149918	0.0
Customer#000149919	0.0
Customer#000149920	59799.53
Customer#000149921	0.0
Customer#000149922	0.0
Customer#000149923	0.0
Customer#000149924	0.0
Customer#000149925	0.0
Customer#000149926	0.0
Customer#000149927	0.0
Customer#000149928	0.0
Customer#000149929	212234.81
Customer#000149930	0.0
Customer#000149931	0.0
Customer#000149932	0.0
Customer#000149933	0.0
Customer#000149934	0.0
Customer#000149935	0.0
Customer#000149936	0.0
Customer#000149937	0.0
Customer#000149938	0.0
Customer#000149939	0.0
Customer#000149940	0.0
Customer#000149941	0.0
Customer#000149942	0.0
Customer#000149943	0.0
Customer#000149944	0.0
Customer#000149945	0.0
Customer#000149946	0.0
Customer#000149947	0.0
Customer#000149948	0.0
Customer#000149949	0.0
Customer#000149950	0.0
Customer#000149951	0.0
Customer#000149952	0.0
Customer#000149953	0.0
Customer#000149954	0.0
Customer#000149955	0.0
Customer#000149956	0.0
Customer#000149957	0.0
Customer#000149958	0.0
Customer#000149959	0.0
Customer#000149960	0.0
Customer#000149961	0.0
Customer#000149962	195153.98
Customer#000149963	0.0
Customer#000149964	0.0
Customer#000149965	0.0
Customer#000149966	0.0
Customer#000149967	0.0
Customer#000149968	0.0
Customer#000149969	0.0
Customer#000149970	0.0
Customer#000149971	0.0
Customer#000149972	0.0
Customer#000149973	0.0
Customer#000149974	0.0
Customer#000149975	0.0
Customer#000149976	0.0
Customer#000149977	0.0
Customer#000149978	0.0
Customer#000149979	0.0
Customer#000149980	0.0
Customer#000149981	0.0
Customer#000149982	0.0
Customer#000149983	0.0
Customer#000149984	203097.32
Customer#000149985	0.0
Customer#000149986	0.0
Customer#000149987	0.0
Customer#000149988	0.0
Customer#000149989	0.0
Customer#000149990	0.0
Customer#000149991	0.0
Customer#000149992	0.0
Customer#000149993	0.0
Customer#000149994	0.0
Customer#000149995	0.0
Customer#000149996	0.0
Customer#000149997	0.0
Customer#000149998	0.0
Customer#000149999	0.0
Customer#000000015	0.0
Customer#000150000	0.0
	225984.88
	9802.27
	179214.44
	178985.38
	240067.04
	22403.27
	227275.88
	91394.7
	158401.92
	63626.69
	102094.9
	198944.28
	136437.31
	58220.34
	88258.88
	106536.28
	209178.25
	116317.34
	251824.55
	52999.44
	260541.69
	30914.2
	69971.35
	176923.26
	229420.28
	315351.4
	56219.47
	44929.88
	43063.97
	84923.31
Customer#000000016	0.0
	315492.86
	140406.54
	197124.72
	114028.04
	8602.54
	106102.61
	194317.34
	149282.03
	292595.54
	139407.11
	287175.14
	110643.6
	181221.03
	305247.84
	251729.84
	129384.59
	157181.58
	42569.51
	331262.72
	72718.36
	53584.49
	88632.36
	259390.76
	159960.08
	227763.22
	371311.66
	97170.73
	120303.9
	12429.87
	88814.87
	193220.78
	56203.95
	82418.68
Customer#000000017	0.0
	870.89
	192879.03
	107298.68
	54799.07
	14769.89
	36077.6
	209372.7
	354508.86
	191223.48
	155019.51
	82299.93
	113596.8
	356101.1
	221411.32
	36085.88
	200925.0
	126304.43
	86328.78
	94645.59
	53758.33
	106740.5
	47119.12
	100902.8
	183511.17
	102952.92
	117004.25
	102466.76
	249710.43
	296949.76
	148877.98
	68198.03
	100983.37
	131398.41
	84462.13
	79087.33
	16822.97
Customer#000000018	0.0
	184301.33
	29956.84
	102723.56
	123744.15
	140731.69
	122437.13
	281792.56
	22195.69
	178352.92
	33823.59
	327131.12
	141663.22
	170834.94
	180471.64
	196450.18
	152375.68
	74011.84
	66069.39
	110742.75
	237635.35
	357281.63
	146857.74
	185933.61
	351062.45
	77109.32
	141208.6
	148508.98
	130843.69
	57348.46
Customer#000000019	0.0
	218087.26
	81884.63
	130745.06
	211733.28
	179339.71
	240371.21
	308755.08
	26518.38
	205483.44
	90425.56
	50680.79
	185734.01
	206789.41
	282416.54
	42242.09
	173812.48
	133207.43
	181035.46
	157863.83
	72489.37
	28230.58
	188358.79
	88809.46
	155436.88
	169144.72
	80376.55
	66217.24
	262282.13
	128022.23
	513278.30000000005
	204014.67
	224816.64
	148674.58
	157847.32
Customer#000000002	0.0
Customer#000000020	0.0
	47706.34
	46508.98
	197430.47
	128222.69
	189008.29
	26753.29
	203572.65
	104560.98
	87311.64
	148576.6
	118228.31
	64851.52
	61751.58
	128736.63
	70681.69
	279334.62
	133480.66
	510380.66000000003
	284669.27
	76463.33
	209021.0
	88263.33
	68898.21
	197821.25
	231267.06
	179148.04
Customer#000000021	0.0
	171678.04
	110512.84
	54651.32
	65077.15
	106215.28
	103300.11
	312032.41
	132837.22
	244486.97
	101091.06
	227713.53
	1772.29
	39076.07
	57144.93
	292033.88
	169029.18
	171459.96
	262094.87
	53977.76
	123534.06
	28029.96
	63833.57
	192051.13
	29831.87
	24657.78
	205247.58000000002
	51447.65
	200146.0
	256525.03
	119916.58
	200649.62
	159053.47
	171519.8
	416843.25
	3326.85
	31683.02
Customer#000000022	0.0
	323628.64
	226430.62
	132706.82
	166754.07
	175183.43
	257717.86
	74034.13
	174723.54
	17495.7
	238897.18
	40637.14
	208092.92
	154945.99
	235364.34
	224045.09
	177054.94
	14349.56
	116357.49
	1974.18
	48321.16
	164580.22
	5293.39
	59069.03
	167297.87
	141958.02
	150712.35
	169329.69
	63217.43
	88409.27
	202284.97
	183946.66
	49966.57
	226979.32
	132695.15
	139948.45
	227571.55
	165380.39
	106776.31
	213428.01
	255517.48
	237182.68
	134699.05
	62311.51
	354132.39
	45486.55
	195955.03
	131511.51
	43763.82
	232945.05
Customer#000000023	0.0
	123157.93
	114943.5
	58107.82
	98144.01
	37407.37
	53643.65
	101935.87
	76488.09
	167596.47
	196111.37
	219038.97
	248888.32
	255389.28
	181995.52
	110374.22
	273107.09
	217710.25
	324142.7
	107072.08
	130328.38
	225480.54
	194140.15
	153519.96
	213692.34
	150095.16
	149086.96
	125225.02
	241684.04
	193262.22
	29620.56
	280048.52
	68611.63
	57853.4
Customer#000000024	0.0
	252796.85
	290149.26
	272477.88
	117960.91
	62318.47
	3307.32
	171231.01
	48925.32
	205022.73
	174743.31
	69347.44
	99619.9
	236060.62
	11507.8
	90717.12
	223650.39
	191200.86
	94087.21
	353790.86
	20267.55
	311048.34
	74117.09
	91849.76
	404374.56
	250151.93
	347385.27
	172951.46
	103987.0
	126070.58
	253595.41
	283883.77
	507319.16
	64104.51
	36926.53
	330369.19
	121562.59
	231916.3
Customer#000000025	32275.72
	275357.16
	200009.32
	223103.01
	239330.98
	209495.19
	276483.34
	120526.55
	264753.66
	258704.18
	123951.67
	84881.94
	93218.82
	326877.9
	86322.96
	92984.33
	253012.25
	50654.63
	67746.17
	234482.35
	110209.6
	257575.07
	132473.24
	96872.05
	117279.58
	190790.4
	196168.17
	12055.93
	296741.62
	143738.86
	180697.49
	49627.89
	28370.01
	140232.54
	156079.33
	64379.67
	64870.98
	32999.09
Customer#000000026	0.0
	255964.48
	12119.32
	164711.12
	78643.7
	375573.12
	98622.98
	39412.59
	81434.74
	10814.13
	112721.65
	25502.8
	116769.79
	86075.52
	144947.21
	50806.48
	193759.34
	223381.55
	126692.55
	74830.44
	242253.23
	174007.88
	65508.89
	35215.2
	387017.44
	268092.39
	90070.55
	178955.72
	134982.94
	140529.66
	292002.71
	226708.15
	157280.08
	172892.18
	373863.8
	204612.52
	75419.53
	68171.48
	137044.3
	355607.25
	153472.47
Customer#000000027	0.0
	51261.0
	237568.46
	155952.9
	49677.06
	176426.05
	169761.02
	212579.23
	188023.67
	49871.26
	260232.61
	188141.08
	306935.6
	132951.0
	94020.22
	303867.56
	102451.52
	56970.72
	45226.16
	24454.24
	277045.12
	116640.56
	106618.72
	213747.19
	44732.57
	121614.61
	287422.32
	261516.7
	201141.56
	142313.52
	86732.99
	83235.98
	47282.78
	106325.14
	124906.11
Customer#000000028	0.0
	82287.88
	46977.45
	122976.14
	182357.42
	291185.12
	182099.09
	172937.64
	152587.71
	39168.9
	175708.62
	214215.76
	255981.11
	341742.85
	276324.89
	131861.14
	125914.48
	17943.99
	8320.01
	276874.12
	281972.9
	64283.6
	103671.7
	330793.52
	58136.23
	61567.07
	46602.74
	193997.87
	53461.73
	59750.63
	72173.04
	182015.17
	36777.4
Customer#000000029	0.0
	109768.39
	31275.64
	50481.05
	160852.28
	126990.79
	215042.29
	51535.56
	137560.6
	168453.56
	251500.11
	36401.62
	350055.06
	146981.51
	90564.83
	152412.82
	42366.68
	189549.39
	187829.48
	311898.58
	274671.5
	318308.23
	274962.64
	333600.91
	248475.87
	20912.67
	273889.96
	117128.59
	266198.88
	316706.7
	14290.07
	245684.54
	57044.23
	125233.29
	264388.69
	105413.85
	80146.21
	120677.73
	283533.3
	89415.31
	30132.14
	65524.35
	30501.99
	322581.73
	234386.7
	140752.82
	100486.71
	274761.92
	200309.29
	88276.94
	85301.2
	110309.99
	94247.82
	58638.09
Customer#000000003	0.0
Customer#000000030	0.0
	45080.99
	46740.97
	204038.84
	44180.85
	163313.57
	10507.23
	156488.58
	190413.15
	274573.55
	216064.45
	120295.46
	207091.33
	143146.21
	317382.84
	115443.61
	181765.36
	177985.76
	48981.24
	185011.0
	165018.31
	192312.11
	16746.51
	151827.0
	329447.31
	168808.5
	186872.55
	133801.14
	37519.95
	171047.81
	228442.58
	210274.57
	150853.11
	538591.27
	83113.45
	60871.51
	198846.72
Customer#000000031	0.0
	139779.89
	241421.1
	149915.88
	55709.67
	172542.63
	115716.91
	5193.92
	305145.52
	141231.8
	257357.64
	147968.86
	61682.97
	53905.4
	55463.81
	89716.97
	193931.94
	44134.63
	75748.98
	26523.75
	73514.96
	202075.45
	23175.19
	18433.16
	134243.38
	123766.13
	186437.52
	31266.06
	113107.66
	187771.8
	201982.37
	305863.55
	77010.51
	250275.97
	48307.81
	110853.19
	188457.88
	305067.99
	142027.15
	195472.72
	157059.12
	12809.92
	183194.4
	187775.01
	240036.62
Customer#000000032	0.0
	122050.11
	68906.56
	35459.92
	66006.1
	184111.99
	39414.99
	244499.78
	150950.94
	109042.24
	122399.67
	170161.54
	157616.3
	306071.48
	253962.04
	142300.81
	189986.0
	120800.8
	266661.86
	5504.05
	184399.89
	249032.01
	317528.82
	14355.61
	186133.98
	142936.22
	130441.44
	214470.38
	223378.03
	216023.91
	97341.8
	181432.31
	91101.76
	236869.44
	146473.25
	93012.92
	80181.97
	204546.39
Customer#000000033	0.0
	413648.76
	68575.17
	136172.27
	70697.83
	69827.4
	316545.07
	174843.78
	160353.35
	96077.74
	96766.52
	74533.83
	215935.22
	226581.97
	151279.94
	142111.95
	101664.31
	314412.9
	147082.92
	88067.75
	120648.44
	276992.74
	119047.21
	87378.51
	297239.21
	27481.45
	94716.7
	261596.65
	109135.17
Customer#000000034	0.0
	140927.81
	103164.73
	223295.22
	150413.47
	324415.03
	205468.96
	82004.1
	109321.86
	193825.64
	226998.29
	159264.55
	240533.88
	149752.48
	241704.16
	282408.4
	190343.33
	115514.68
	28616.42
	91724.18
	21158.35
	167135.38
	113904.86
	291560.97
	41749.23
	240335.92
	154174.5
	117111.47
	80164.13
Customer#000000035	0.0
	192206.72
	92478.95
	130759.84
	270833.31
	132045.66
	18428.67
	117587.38
	179071.73
	187467.32
	201400.75
	204307.96
	141113.8
	205317.56
	348444.06
	215252.01
	158571.92
	96722.79
	100997.7
	98915.55
	212387.07
	131806.58
	184529.76
	71074.29
	122477.93
	523901.4
	33250.07
	254869.1
	141508.57
	219796.05
	157320.36
	18106.89
Customer#000000036	0.0
	41343.14
	22834.0
	109736.36
	220182.49
	19514.79
	125330.04
	95288.59
	22505.5
	56288.1
	270504.72
	219726.42
	192785.01
	254944.92
	300175.46
	32870.53
	219471.5
	110945.88
	169977.27
	214317.3
	48835.31
	47212.62
	289923.57
	99903.71
	268724.19
	182408.02
	93488.66
	113893.26
	318741.24
	105872.17
	114303.47
	310575.96
	93421.35
	72842.64
	63422.5
	124344.45
	193544.62
	167881.07
	173665.47
	142289.14
	189484.12
	55995.24
	149466.59
Customer#000000037	0.0
	158766.52
	127581.2
	119366.48
	212787.13
	121277.01
	239260.42
	47479.55
	138449.81
	233440.96
	23419.93
	247007.91
	210356.22
	146561.68
	194125.73
	70250.11
	188778.35
	111872.9
	99673.43
	37174.7
	56807.22
	141329.3
	163062.97
	39699.4
	120918.07
	237626.12
	181755.17
	127358.32
	129469.86
	158296.61
	123668.79999999999
	80864.98
	147055.98
	70712.2
	57991.23
	286397.65
	106333.91
	25271.06
	286145.51
Customer#000000038	0.0
	216759.53
	48977.12
	38598.86
	275698.23
	189519.65
	113335.82
	54166.49
	68402.14
	219192.41
	231241.57
	183877.42
	6582.56
	30234.1
	291303.86
	207818.23
	103071.99
	106416.46
	185959.47
	130688.62
	193449.55
	87862.31
Customer#000000039	0.0
	248612.73
	216937.66
	95216.7
	240940.3
	147526.93
	119432.07
	252004.18
	134018.95
	233155.89
	117887.58
	67055.78
	133272.09
	41750.79
	123442.32
	145262.65
	174765.54
	75611.89
	174194.66
	344002.88
	269497.24
	92388.55
	64936.66
	116323.07
	175021.68
	263567.57
	306039.99
	103078.22
	214249.02
	189444.08
	150223.76
	278302.48
Customer#000000004	0.0
Customer#000000040	0.0
	232583.47
	201788.84
	125113.94
	157818.44
	277460.45
	154116.5
	158176.93
	84603.32
	294258.45
	131983.39
	203118.47
	65311.8
	178885.07
	100299.94
	239300.24000000002
	199287.43
	185990.74
	71913.98
	183610.29
	86338.93
	9907.77
	39891.57
	55896.89
	61806.08
	68690.14
	172930.49
	77338.44
	279870.72
	89405.87
	60489.54
	269425.13
	63322.19
	147334.18
	112504.4
	160658.3
	198715.08
	72431.62
	187464.18
Customer#000000041	0.0
	318983.6
	99763.19
	197831.47
	153520.02
	242717.11
	199997.01
	132623.93
	40179.67
	186680.34
	105385.34
	330302.65
	112514.42
	63240.33
	16249.38
	186392.18
	94227.14
	34329.33
	294190.88
	167319.52
	42251.68
	107974.27
	175145.82
	212260.6
	238482.49
	298776.89
	97340.58
	212749.81
	226151.98
	312949.56
	172453.9
	184082.29
	294182.42
	145714.94
	268565.85000000003
	59758.76
	88700.81
Customer#000000042	0.0
	248701.76
	213354.58
	310333.43
	246700.42
	70286.95
	145093.42
	22080.81
	11605.78
	197990.4
	189932.55
	232300.89
	242716.51
	73066.55
	110007.05
	39376.65
	170563.56
	13387.24
	111087.55
	74292.09
	27701.72
	276370.91
	54058.18
	109631.96
	103922.21
	172441.31
	10279.34
	221801.79
	188263.22
	71064.47
	194230.2
	103837.7
	207088.24
	158820.48
Customer#000000043	0.0
	145093.76
	258900.77
	62024.85
	160746.91
	187662.93
	123298.34
	230308.72
	244464.09
	205211.09
	24589.66
	14462.96
	178026.0
	181040.94
	242178.92
	124100.52
	178170.06
	82150.55
	266668.66
	135516.02
	26683.92
	20744.91
	136684.47
	248776.56
	224523.69
	219968.44
	137426.28
	66527.99
	32851.31
	32165.8
	51025.64
	171683.04
	134852.73
	24534.45
	119591.0
	76848.74
	27853.6
	123490.05
Customer#000000044	0.0
	114663.57
	161788.56
	258218.29
	73892.15
	2749.87
	84841.66
	4861.9
	119682.52
	148406.78
	202246.34
	275281.19
	144659.2
	186804.96
	108477.67
	31638.69
	160526.23
	117586.38
	224201.25
	269430.68
	281437.23
	198800.71
	165912.73
	15216.48
	7030.04
	176470.49
	37097.36
	100759.46
	110574.37
	271674.51
	139187.68
	71230.43
	47816.14
Customer#000000045	0.0
	212317.58
	227333.6
	369438.66
	49784.5
	394326.73
	356716.82
	218617.65
	261898.04
	93970.2
	111265.27
	247413.69
	73689.09
	16948.44
	154231.35
	129036.39
	232127.21
	250164.61
	118768.23
	99715.87
	252315.7
	140685.04
	259421.98
	323118.51
	170024.69
	221746.31
	300891.1
	246793.78
	330564.1
	71637.96
	276561.14
Customer#000000046	0.0
	3202.1
	10853.01
	520936.6
	286096.62
	10797.61
	319306.86
	74503.23
	206817.8
	9768.7
	94800.1
	337559.86
	76263.32
	139510.49
	111418.13
	287361.03
	202010.65
	85446.93
	57571.88
	63593.02
	72067.64
	33841.83
	152390.99
	119757.26
	117034.52
	24463.14
	74479.09
	26788.11
	216315.82
	120680.74
	173110.39
	358080.94
	253584.89
	200574.3
	35377.55
	179715.81
	231118.84
	41450.4
	83362.2
	62012.16
	122756.58
	93206.4
	53304.43
	233200.46
Customer#000000047	0.0
	274824.07
	19166.3
	12453.46
	105308.35
	95306.56
	205608.22
	125307.53
	44536.54
	142647.94
	222692.12
	186017.43
	83535.77
	287150.73
	119776.81
	251099.36
	65845.33
	68304.33
	282997.91
	236032.42
	311402.64
	137927.24
	274663.86
	85442.21
	228676.34
	14130.13
	102637.39
	78762.23
	113768.65
	68744.45
	192410.18
Customer#000000048	0.0
	150462.38
	145947.28
	151481.36
	30867.43
	226649.48
	120812.13
	62267.98
	223271.68
	111121.89
	74406.6
	64700.69
	82658.28
	125403.25
	276015.97
	132484.35
	50551.25
	258407.14
	100988.36
	95355.24
	159465.06
	146817.36
	307914.68
	112095.95
	95165.52
	41996.52
	209173.2
	168928.23
	53593.85
Customer#000000049	0.0
	101573.21
	160599.0
	131802.03
	303963.75
	140040.9
	220572.01
	221246.58
	322632.27
	234234.85
	96389.7
	78651.29
	305013.95
	142411.52
	88465.1
	16693.51
	96106.84
	241945.15
	158649.4
	15165.2
	156136.78
	94343.26
	119177.33
	263774.74
	569263.47
	252986.11
	184179.46
	103936.28
	210555.36
	104386.72
	319787.99
	77238.97
	263106.28
	338228.18
	235792.76
	85703.02
	96526.78
	281873.31
Customer#000049801	0.0
Customer#000049802	0.0
Customer#000049803	0.0
Customer#000049804	0.0
Customer#000049805	0.0
Customer#000049806	0.0
Customer#000049807	0.0
Customer#000049808	0.0
Customer#000049809	0.0
Customer#000049810	66276.68
Customer#000049811	0.0
Customer#000049812	0.0
Customer#000049813	0.0
Customer#000049814	111044.97
Customer#000049815	0.0
Customer#000049816	148457.77
Customer#000049817	0.0
Customer#000049818	0.0
Customer#000049819	0.0
Customer#000049820	0.0
Customer#000049821	0.0
Customer#000049822	0.0
Customer#000049823	0.0
Customer#000049824	0.0
Customer#000049825	0.0
Customer#000049826	0.0
Customer#000049827	0.0
Customer#000049828	0.0
Customer#000049829	0.0
Customer#000049830	0.0
Customer#000049831	0.0
Customer#000049832	0.0
Customer#000049833	0.0
Customer#000049834	0.0
Customer#000049835	0.0
Customer#000049836	0.0
Customer#000049837	0.0
Customer#000049838	0.0
Customer#000049839	0.0
Customer#000049840	0.0
Customer#000049841	0.0
Customer#000049842	0.0
Customer#000049843	0.0
Customer#000049844	0.0
Customer#000049845	0.0
Customer#000049846	0.0
Customer#000049847	0.0
Customer#000049848	0.0
Customer#000049849	0.0
Customer#000049850	0.0
Customer#000049851	0.0
Customer#000049852	0.0
Customer#000049853	0.0
Customer#000049854	0.0
Customer#000049855	0.0
Customer#000049856	0.0
Customer#000049857	0.0
Customer#000049858	0.0
Customer#000049859	43718.42
Customer#000049860	0.0
Customer#000049861	0.0
Customer#000049862	0.0
Customer#000049863	0.0
Customer#000049864	0.0
Customer#000049865	0.0
Customer#000049866	0.0
Customer#000049867	0.0
Customer#000049868	0.0
Customer#000049869	0.0
Customer#000049870	0.0
Customer#000049871	0.0
Customer#000049872	0.0
Customer#000049873	0.0
Customer#000049874	0.0
Customer#000049875	0.0
Customer#000049876	0.0
Customer#000049877	0.0
Customer#000049878	0.0
Customer#000049879	0.0
Customer#000049880	0.0
Customer#000049881	0.0
Customer#000049882	0.0
Customer#000049883	0.0
Customer#000049884	0.0
Customer#000049885	0.0
Customer#000049886	0.0
Customer#000049887	0.0
Customer#000049888	71559.93
Customer#000049889	0.0
Customer#000049890	0.0
Customer#000049891	0.0
Customer#000049892	0.0
Customer#000049893	0.0
Customer#000049894	0.0
Customer#000049895	0.0
Customer#000049896	0.0
Customer#000049897	0.0
Customer#000049898	0.0
Customer#000049899	0.0
Customer#000049900	0.0
	235260.83
	24258.84
	23572.45
	86347.71
	73825.68
	195870.32
	48786.1
Customer#000000005	0.0
Customer#000000050	0.0
	264394.93
	130004.97
	74463.31
	99638.74
	356582.82
	61386.8
	56653.09
	160238.68
	178084.8
	390883.76
	51402.28
	162383.12
	248783.07
	124573.52
	180031.62
	332188.99
	26976.75
	91530.39
	455521.51
	62366.84
	49457.9
	251942.02
	85393.04
	212510.04
	109142.56
	17734.75
	62616.15
	25156.85
	484522.83
	137790.4
	69337.15
	122848.3
	216937.72
	130686.95
	161265.22
Customer#000000051	0.0
	179354.43
	168250.12
	128578.0
	38039.64
	35586.89
	75092.94
	3002.7
	49376.84
	79320.38
	187834.06
	218845.81
	198438.11
	176995.85
	93439.05
	160893.2
	116745.57
	10600.32
	193390.08
	118585.84
	174261.23
	108346.56
	118590.83
	272665.37
	217787.09
	253482.57
	121533.96
	9519.83
Customer#000000052	0.0
	78744.97
	29009.92
	226087.73
	97166.81
	230925.41
	85233.46
	17441.63
	86590.13
	139872.7
	256241.6
	131801.96
	148913.13
	77414.51
	277164.24
	209342.2
	49910.3
	165885.08
	132436.14
	238098.0
	227941.75
	134134.07
	111507.47
	200818.77
	11352.69
	15115.7
	54368.73
	325682.15
	62434.96
	16173.29
	156714.92
	149702.38
	265953.09
	101185.52
	201602.25
	134486.64
	382710.0
	112986.49
	157696.7
Customer#000000053	0.0
	49193.19
	168864.92
	164094.24
	75152.52
	81977.07
	268830.95999999996
	46877.31
	294475.79
	87038.1
	154666.01
	246097.43
	10578.87
	152907.19
	75346.38
	166795.5
	106047.99
	8271.88
	210096.43
	22817.48
	181923.14
	323890.08
	258197.04
	40293.37
	151960.22
	11620.64
	345168.36
	297979.26
	215533.19
	74021.44
	287618.06
	550468.17
	157686.97
	155587.4
	17791.04
	52229.96
	206481.76
	99318.49
	206058.0
	38053.57
	214466.59
	212333.92
	1894.68
	116947.92
Customer#000000054	0.0
	137765.39
	55484.99
	108263.12
	110673.61
	165630.27
	175978.78
	3026.04
	221754.32
	179918.59
	173792.36
	177367.46
	88038.52
	161131.6
	93701.73
	44619.06
	77847.26
	163888.35
	41477.11
	144064.77
	45738.89
	102276.74
	118812.11
	175046.42
	186371.53
	11306.45
	38849.35
	369407.81
	160793.18
	241847.18
	228907.06
	228398.04
	250820.66
	240154.08000000002
	28661.15
	198983.17
	56406.83
	154937.95
	116692.33
	130447.27
Customer#000000055	0.0
	55803.94
	229031.17
	137893.59
	81609.17
	195325.21
	242947.26
	145419.16
	189133.15
	116923.24
	232688.84
	188489.58
	208278.73
	111856.7
	121978.85
	152899.65
	123367.47
	112000.61
	189956.85
	92750.9
	213977.85
	128107.28
	216842.94
	71279.29
	33136.74
	58749.59
	234099.93
	167338.27
	152522.34
	56068.37
	200356.0
	159285.79
	46353.18
	4520.0
	102868.23
	286239.13
	171515.0
Customer#000000056	0.0
	15286.26
	90406.04
	74592.86
	148964.85
	179480.27
	94918.74
	394294.56
	65341.23
	78010.3
	158250.47
	163883.37
	98093.91
	85771.6
	198771.36
	277758.13
	119334.46
	104703.18
	307638.17
	104086.63
	337171.18
	66731.34
	169405.01
	62014.23
	220241.99000000002
	3540.57
	252093.59
	162904.25
	360883.62
	203800.6
	52254.22
	228648.96
	168215.81
	42546.12
	27545.2
	336260.47
	138552.93
	199332.78
	255517.94
	233791.66
	7018.93
	201259.89
Customer#000000057	0.0
	189591.26
	48232.4
	245385.65
	37117.12
	317921.89
	355595.86
	110539.33
	212084.72
	272761.49
	152087.18
	305123.35
	199322.47
	60571.68
	76763.54
	40748.67
	144437.86
	71712.68
	114595.97
	93279.4
	29806.95
	139841.39
	20854.73
	194607.18
	353098.68
	55236.69
	281283.53
	113062.04
	183973.31
	380349.87
	20647.76
	19544.46
	265077.13
	107859.09
	244352.07
	33848.69
	218248.71
Customer#000000058	95297.48
	96416.97
	231965.84
	163858.97
	276551.28
	67880.22
	123700.32
	262798.34
	98339.11
	214257.58
	137348.18
	300221.86
	55783.1
	86519.4
	244622.02
	289504.16
	21090.9
	222938.61
	136744.63
	111068.29
	289380.69
	202179.76
	171059.9
	151438.44
	109626.23
	378166.07
	211444.2
	166326.89
	65977.81
	184244.34
	249954.0
	61079.44
	92792.12
	46527.2
Customer#000000059	0.0
	47691.9
	95450.5
	197889.45
	69113.4
	42394.9
	55110.47
	276755.77
	229916.49
	122035.93
	129939.92
	3845.19
	177405.9
	115829.74
	308038.61
	149418.59
	52025.92
	207114.33
	248058.01
	339656.04
	227850.76
	59299.35
	131132.01
	120238.73
	198900.56
	229067.24
	36544.98
	41611.83
	297276.45
	21972.97
	212001.63
	220393.33
	77665.49
Customer#000000006	0.0
Customer#000000060	0.0
	301276.96
	73331.58
	67929.31
	193522.71
	145470.25
	146278.88
	110216.57
	132134.34
	320907.44
	109446.53
	187186.13
	35432.04
	3696.95
	257467.09
	216088.52
	28806.34
	34638.28
	133218.48
	72429.72
	288379.63
	48221.68
	157411.61
	121475.62
	155560.68
	213713.99
	1592.19
	44016.25
	74509.49
	54219.58
	187274.9
	198110.7
	138935.01
	140474.09
	111057.73
	113967.56
	29882.8
	80196.2
	49836.32
	255879.72
	35880.12
	73022.06
	187976.64
	279579.98
Customer#000000061	0.0
	58949.67
	27122.76
	71752.74
	161941.71
	259765.97
	122999.98
	123225.25
	138536.66
	237276.69
	227104.41
	84889.85
	144794.15
	38444.69
	112096.28
	273615.0
	140206.37
	95578.9
	295278.8
	230503.22
	144124.82
	3117.36
	22621.0
	162715.05
	161737.78
	179451.68
	80998.84
	227216.38
	120913.62
	176707.84
	32423.51
	220810.21
	167621.29
	126021.83
	75984.46
	55509.2
	176361.55
	16936.03
	58915.83
	291031.96
	200354.3
Customer#000000062	0.0
	210281.11
	113617.79
	57181.41
	18674.37
	55464.62
	147228.35
	272081.68
	142380.07
	65514.34
	230817.24
	29253.44
	336645.03
	241473.42
	110468.14
	229322.32
	71206.58
	316269.87
	22388.15
	69056.46
	124394.53
	121102.97
	160437.12
	119601.33
	373684.53
	105747.34
	194112.76
Customer#000000063	0.0
	254391.85
	96484.76
	165364.09
	19387.63
	47304.96
	61465.6
	33359.47
	154932.06
	214718.2
	204874.43
	250460.81
	56999.31
	71294.85
	98595.02
	91348.64
	39814.72
	139932.1
	305523.87
	56448.12
	233838.18
	234572.32
	12497.02
	108806.98
	299880.51
	4406.61
	101566.14
Customer#000000064	0.0
	54735.07
	232424.81
	74692.36
	115585.18
	254114.56
	148905.17
	108480.29
	423204.62
	81588.57
	96307.73
	274478.84
	236432.88
	397114.24
	425369.61
	113534.42
	37998.63
	163297.75
	179843.19
	219480.32
	172978.69
	149866.56
	8620.3
	44649.76
	99178.99
	328806.78
	137231.95
	260706.44
	338602.48
	77774.55
	286365.9
	258879.85
	276819.77
	179605.54
	47095.31
	123331.48
	206059.89
	111409.69
	75023.86
	141474.83
	159142.53
	194340.72
	159015.74
	155872.73
	211071.03
	40461.93
Customer#000000065	0.0
	112724.11
	14813.84
	94817.37
	51999.15
	120365.84
	203051.04
	43635.91
	195005.45
	96522.89
	253848.55
	240143.56
	36529.26
	42928.13
	29935.55
	219822.18
	348696.45
	161965.54
	162625.25
	62890.31
	132623.25
	229917.95
	138974.58
	19494.32
	122993.65
	222852.07
	244655.74
	52414.53
	129880.11
Customer#000000066	0.0
	288550.14
	132008.46
	224503.46
	155206.05
	3972.56
	477959.55
	155413.05
	189475.98
	74815.64
	50435.35
	56077.18
	122469.22
	313319.84
	16401.38
	46234.65
	105437.96
	296139.53
	55036.54
	14190.83
	274905.0
	48742.94
	58250.56
	182956.2
	32315.96
	186731.1
	192452.4
	128816.17
	203396.15
	69160.89
	220786.65
	163243.98
	69416.14
	157377.74
	246264.63
	157088.47
	156192.92
	264873.75
	88796.86
Customer#000000067	269000.36
	168838.64
	152033.49
	19353.41
	351049.79
	108794.61
	43823.56
	41770.41
	226436.97
	82848.81
	216816.68
	123532.18
	203336.55
	93710.26
	173386.35
	139035.83
	330325.59
	11760.49
	17243.37
	157171.03
	11241.11
	24152.1
	274312.26
	237385.93
	188429.17
	132259.41
	221051.45
	264492.95
	144601.43
	33933.91
	194079.68
	248821.95
	122478.97
	248900.92
	63457.91
	271546.96
	263723.09
Customer#000000068	0.0
	275975.01
	47734.98
	36008.07
	170727.29
	278754.7
	187500.93
	167632.02
	234067.83000000002
	323252.77
	216449.85
	259401.88
	269419.55
	40768.12
	252805.69
	130715.46
	480197.22
	39044.79
	240631.84
	278659.04
	61591.62
	98033.42
	98365.48
	155136.51
	31492.77
	47059.86
	373767.06000000006
	275564.56
	58295.7
	191078.87
	314824.13
	250644.75
	126745.33
	219585.1
	293925.28
	223614.25
	256024.19
	223098.13
	81672.71
	218051.67
	302734.44
	229079.14
	305724.35
	116409.4
	43955.98
	105662.84
	67823.45
Customer#000000069	0.0
	200840.93
	48427.49
	272957.59
	6751.02
	131111.14
	34140.7
	216879.97
	138189.28
	318390.59
	161618.77
	37783.8
	61561.07
	216240.3
	179985.37
	228338.75
	213580.93
	121085.56
	74363.96
	248842.03
	54002.27
	58014.82
	37826.29
	239234.25
	174322.44
	73143.2
	164514.21
	59822.74
	38532.06
	194317.08
	193191.5
	5900.96
	8718.19
	228449.4
	350031.57
	210593.94
	64518.68
	197151.91
	137934.84
	162904.82
	259579.31
	142947.68
	251651.24
	146098.23
Customer#000000007	0.0
Customer#000000070	0.0
	99516.75
	446682.01
	190729.6
	62463.32
	76375.05
	272367.27
	9958.57
	186088.5
	106735.47
	255441.66
	102205.53
	24041.49
	65455.49
	242720.56
	135771.68
	242606.96
	247376.99
	118221.54
	231930.84
	228556.08
	269096.36
	67203.45
	194607.42
	83069.12
	146064.92
	218062.25
	63577.86
	299894.72
	148240.5
	176200.46
	2877.39
	34443.73
	147708.36
	90262.79
	173036.26
	59407.26
	43043.6
	79904.35
	213692.67
	168803.41
	266047.6
	110155.04
	175473.34
	47518.18
	168275.81
Customer#000000071	0.0
	212206.33
	150961.77
	261013.14
	264311.76
	361060.05
	455667.48
	298526.84
	258200.42
	182715.18
	139891.58
	288126.06
	156874.53
	188074.27
	247078.39
	164529.1
	155023.25
	174037.2
	258232.24
	154958.33
	252358.03
	175354.92
	104783.98
	118503.42
	10931.7
	59162.51
	74828.16
	96470.02
	220249.36
	159332.45
	290783.69
Customer#000000072	0.0
	137065.93
	216128.57
	74438.58
	67283.64
	262300.62
	164397.67
	143211.85
	90841.56
	193457.61
	47351.76
	72766.23
	120823.5
	318162.94
	172699.31
	67368.29
	219904.13
	133305.85
	239955.9
	108484.96
	59135.31
	268691.3
	155336.14
	53233.8
	170573.53
	350064.79
	130451.42
	172093.69
	119361.45
	33064.55
	141839.33
	132985.74
	133550.47
	136802.07
	168955.84999999998
	232561.15
	280724.38
	129648.76
	145700.0
	317155.13
	122109.04
Customer#000000073	0.0
	63896.43
	228047.61
	213659.04
	248691.52
	179577.35
	156459.99
	106966.33
	294800.69
	97600.21
	163652.63
	76743.41
	19555.74
	373919.38
	259796.58
	342727.0
	183091.53
	230592.93
	58044.23
	151155.01
	120032.69
	34962.77
	268715.79
	102652.56
	48111.38
	93407.48
	40704.02
	197208.69
	131131.52
	289532.52
	19583.83
	270752.48
	96298.19
	17160.09
	300093.22
	66195.16
Customer#000000074	0.0
	123079.9
	38687.22
	185680.08
	40080.68
	68981.45
	86881.97
	97137.58
	244840.36
	313534.97
	177425.35
	367471.41
	150721.21
	106142.02
	240328.97
	172707.37
	2005.65
	275071.29
	341497.75
	149812.52
	190811.6
	147668.88
	233360.05
	150588.8
	171714.37
	101288.41
	57788.1
	88702.88
	229394.21
	148127.28
	15559.6
	118592.67
	54714.97
	133813.26
Customer#000000075	0.0
	39277.44
	202977.22
	246660.01
	364306.94
	62794.37
	177231.68
	401876.37
	150529.84
	101341.5
	26519.13
	266587.37
	167891.81
	34683.18
	74467.98
	242392.26
	60437.17
	122378.39
	103242.69
	132684.47
	123187.12
	46709.71
	147805.88
	83712.0
	193121.01
	223442.78
	76396.46
	270245.99
	60915.77
	147487.29
	150309.07
	224856.4
	93366.84
	194002.77
	208343.83
	327413.14
Customer#000000076	0.0
	109350.47
	95828.74
	200766.96
	21570.31
	25294.99
	137354.44
	31021.71
	99270.01
	255627.88
	78600.82
	196046.52
	16982.42
	142651.54
	27490.34
	40234.38
	150276.14
	212996.27
	75008.23
	53696.61
	146925.46
	28127.16
	181222.24
	72167.51
	186093.76
	206016.03
	245995.4
	162212.71
	208379.94
	40328.7
	139432.05
	8354.05
	64535.59
	173959.79
	104711.42
	211757.66
	234736.63
Customer#000000077	0.0
	144692.65
	167015.37
	266052.71
	246772.69
	96685.89
	16872.48
	43555.78
	107010.02
	95202.23
	95531.7
	207012.42
	273527.64
	405497.71
	32484.92
	48505.32
	84164.31
	324497.05
	290029.26
	160705.58
	257893.3
	295001.87
	105157.26
	239998.53
	62827.46
	57540.95
	145815.07
	137877.73
	164247.03
	408178.97
	146078.32
	138042.87
	301925.76
Customer#000000078	0.0
	46929.18
	140092.66
	123724.17
	296376.1
	25899.64
	158094.46
	187512.72
	128315.02
	258650.87
	156810.39
	275660.43
	103124.91
	191573.72
	113115.17
	43438.37
	264958.1
	143192.55
	273699.68
	123197.06
	191315.09
	255024.02
	58166.62
	192548.08
	40711.26
	156951.78
	109286.78
	197637.85
	93672.27
	149162.99
	83388.49
	78301.53
	266475.3
	210926.48
	33814.31
	55691.2
	216391.88
	246842.8
Customer#000000079	0.0
	81050.08
	56073.52
	132579.65
	98281.65
	165934.28
	88699.17
	15695.83
	41953.93
	210753.95
	9000.85
	279824.02
	78215.0
	347443.06
	28443.0
	89738.67
	228508.63
	232014.02
	103775.75
	120243.54
	226582.56
	229262.24
	340703.73
	254171.19
	407021.47
	292346.26
	166520.4
	267496.12
	432503.05
	57767.81
	129665.58
	198593.05
	266213.43
	29548.52
	81162.74
	231999.3
	334733.87
	165617.73
	205542.81
	173548.97
	31907.65
	194317.01
	124755.36
Customer#000000008	0.0
Customer#000000080	0.0
	72304.78
	37944.17
	53190.25
	298401.09
	176942.51
	209276.57
	205898.62
	262692.47
	153710.85
	191864.72
	350524.76
	135130.9
	181530.51
	128821.88
	84856.49
	266601.51
	103636.88
	79157.57
	157301.45
	74504.18
	126727.68
	109260.94
	227580.95
	146004.38
	123573.34
	233210.09
	187274.81
	179978.07
	81886.71
	38714.61
	39198.48
	207081.83
Customer#000000081	0.0
	305099.01
	49508.39
	156117.0
	183628.22
	62877.02
	123984.45
	250361.06
	52951.27
	185543.65
	146648.71
	107901.16
	234327.49
	92872.88
	81093.71
	125315.36
	79297.69
	94469.46
	50362.03
	28391.16
	151428.85
	175109.33
	99247.93
	181477.83
	183834.05
	212379.65
	99689.04
	81500.6
	91171.51
	341734.47
	258350.79
	297333.04
	68486.05
	94799.65
	85649.3
	183430.56
	200587.06
Customer#000000082	0.0
	196402.78
	235062.48
	15962.31
	52603.71
	60503.46
	13625.74
	149564.65
	86497.85
	14022.84
	190260.24
	163478.34
	9051.91
	56577.82
	10967.53
	234234.58
	68557.49
	14055.83
	124132.06
	167668.42
	79545.65
	156150.82
	187670.08000000002
	34043.69
	22527.47
	57580.63
	381746.1
	202262.3
	74855.68
	139942.72
	77509.23
	73557.02
	227848.82
	118276.27
	51418.89
	7117.62
Customer#000000083	0.0
	106194.11
	310306.68
	274486.66
	113089.61
	35921.03
	154704.46
	486765.89
	376662.4
	153184.22
	206211.49
	382545.32
	144972.33
	204891.34
	229054.57
	100140.63
	52133.84
	176297.84
	57737.46
	2511.19
	111549.19
	18041.35
	37799.27
	192696.5
	106247.94
	88674.56
	218359.86
	105884.23
	90945.82
	24833.86
	129515.64
	110396.15
	133628.57
	60883.88
	137839.79
	140432.23
	168716.34
Customer#000000084	0.0
	326722.35
	39677.95
	117684.78
	176440.24
	254346.83
	69737.1
	63669.37
	238823.89
	183696.87
	197722.45
	43668.13
	230042.57
	156585.16
	205235.08
	156858.27
	261746.74
	251633.15
	190302.35
	118985.77
	248447.38
	21742.86
	60629.69
	194971.34
	197689.49
	64766.6
	3290.59
	317652.13
	89238.85
	211744.8
	173454.75
	20337.49
	131515.86000000002
	150863.8
	169798.03
	139688.77
	26894.57
	59806.75
	66441.69
	245160.28
Customer#000000085	0.0
	121908.71
	81567.91
	292078.43
	97544.68
	174241.28
	65643.07
	119297.75
	173991.39
	252916.72
	73624.97
	72545.11
	134752.15
	23025.35
	224784.06
	51381.09
	38601.76
	111131.55
	240416.25
	112311.0
	239547.09
	143650.08000000002
	119856.76
	207936.41
	96008.62
	419191.5
	82751.79
	121299.61
	116702.52
	117836.46
	257977.39
	226049.09
	228719.75
	85741.39
	123797.05
	163737.26
	79355.74
	250585.79
	215722.48
	6770.63
Customer#000000086	0.0
	176296.28
	371373.83
	79890.91
	66656.15
	206680.66
	85092.28
	93548.97
	233970.28
	278908.57
	181341.56
	152996.51
	258659.02
	191147.69
	185320.28
	30699.17
	185494.81
	268199.76
	136923.44
	25319.46
	39924.59
	34016.91
	173874.8
	246613.76
	194079.26
	140016.03
	31281.96
	218526.79
	153169.28
	211614.99
	61631.53
	75936.08
	104944.48
	177355.25
	345935.46
	216244.86
	82536.55
	211333.28
	79085.23
	134464.95
	107537.4
	207388.68
	158841.22
Customer#000000087	0.0
	173571.78
	129858.17
	139901.17
	67537.44
	168842.2
	136262.56
	75542.78
	126685.72
	53104.51
	206419.94
	161996.86
	106608.17
	212059.08
	10120.88
	76827.17
	14376.02
	118204.33
	255780.6
	59487.83
	75246.04
	198222.9
	72762.86
	191111.38
	33953.86
	194589.2
	94238.83
	76985.21
	105180.4
	75778.72
	155793.28
	297188.68
	202379.28
	253625.57
	208622.94
	144837.64
	84095.91
	188465.51
	125818.86
Customer#000000088	35524.49
	47839.87
	30549.58
	33220.06
	199298.36
	223831.44
	99848.98
	51940.03
	96214.87
	61884.54
	40717.84
	180069.23
	316483.77
	152678.62
	26991.71
	363248.13
	108761.23
	103515.21
	4444.93
	149912.32
	371779.57
	177831.66
	145874.73
	171543.44
	75177.55
	93952.03
	346971.06
	171145.31
	297549.63
	281990.02
	232337.59
	195185.95
	238596.59
	205823.11
	185216.72
	54165.07
	20857.53
	121524.11
	112126.95
	70482.76
	1948.59
	131055.38
	137168.77
	114367.16
	173962.28
Customer#000000089	0.0
	180063.05
	119937.77
	125999.99
	61652.03
	203722.47
	151181.45
	61199.3
	19284.97
	31838.45
	69800.64
	246814.64
	297665.11
	130493.46
	52074.8
	78464.76
	238852.3
	30044.29
	15354.75
	188017.41
	29435.05
	104151.33
	67196.07
	73031.25
	361402.87
	105352.49
	146343.94
Customer#000000009	0.0
Customer#000000090	0.0
	105326.32
	145729.97
	272880.68
	310668.09
	47453.16
	74134.96
	325697.94
	186803.45
	164117.1
	225762.28
	110964.51
	132103.89
	384661.29
	34972.74
	76224.9
	249266.58
	177617.7
	150928.91
	244910.1
	117207.63
	284504.75
	177139.54
	264408.73
	152110.78
	15025.63
	69897.88
	234618.58
	92180.49
	191808.17
	311297.17
	256791.74
	166951.09
	250059.31
	126100.64
	136544.18
Customer#000000091	0.0
	10587.93
	245404.14
	133508.5
	33615.66
	84544.77
	38010.11
	115396.82
	119155.6
	124886.69
	20200.32
	44150.67
	61866.57
	102604.02
	278254.41
	129406.37
	37722.28
	106043.75
	257923.6
	251591.84
	296686.23
	171226.99
	257800.06
	82091.84
	77497.42
	184051.54
	279142.65
	187590.26
Customer#000000092	0.0
	60119.19
	285046.41
	124538.71
	308419.08
	219448.09
	166603.42
	67097.51
	108201.09
	136637.4
	93302.45
	367781.07
	124294.76
	276679.53
	157573.74
	308413.5
	242339.67
	51712.1
	192118.51
	143543.87
	131050.83
	40080.54
	126907.77
	79870.82
	198132.45
	130464.09
	75110.51
	187832.76
	192431.58
	75692.55
	140419.74
	109092.06
	30553.62
	8007.7
Customer#000000093	0.0
	32248.9
	320729.29
	213034.44
	31594.94
	114417.98
	200773.53
	226781.17
	227044.41
	341227.55
	122276.04
	220987.19
	146254.17
	138182.6
	167115.86
	160668.77
	223042.7
	22383.24
	298342.02
	369609.55
	161327.12
	79902.16
	223702.54
	146834.2
	152746.07
	42650.0
	243265.0
	65126.63
	18996.23
	136297.76
	163277.67
	55994.47
	402859.4
	85848.36
	6420.41
	149724.8
	217977.46
	219979.97
	270523.89
Customer#000000094	0.0
	56873.49
	133709.24
	207188.98
	199880.98
	189350.95
	67650.22
	151525.0
	37562.74
	81153.02
	343970.7
	93963.61
	140036.87
	153536.23
	85507.38
	145098.75
	82357.25
	104018.96
	338929.84
	260748.25
	332478.76
	232031.41
	166391.75
	152825.29
	280619.78
	166063.84
	184859.1
	212603.87
	26865.74
	131115.09
	115470.46
	121420.18
	184978.45
	51748.47
	76490.84
	242058.97
	7659.07
	160393.15
	82404.58
	123103.05
	59318.31
	191679.58
	39205.58
	311631.85
	42934.91
	90793.77
	52261.06
	10167.81
	270253.79
	93549.34
	187918.17
	163730.84
Customer#000000095	0.0
	143540.96
	47550.04
	53878.55
	221207.78
	173529.99
	283045.14
	134454.92
	59839.65
	236814.84
	124395.65
	238262.87
	163627.15
	131250.4
	386867.42
	83867.63
	168521.79
	88621.87
	99944.92
	8121.42
	193780.78
	186066.64
	94781.32
	429482.1
	90525.8
	214131.98
	202275.09
	239960.67
	15254.15
	173330.89
	163617.19
	25797.89
	132865.83
	181914.61
	121818.82
	104934.45
	214974.06
	74694.73
	331193.3
	59028.72
Customer#000000096	0.0
	110012.75
	76872.26
	269559.13
	280574.43
	88102.52
	246622.14
	350393.95
	308529.47
	61334.17
	265091.34
	115872.04
	129763.04
	192961.26
	65454.43
	212113.72
	184974.43
	150859.69
	56588.84
	25192.9
	75053.92
	270599.79
	199210.32
	54525.64
	80535.08
	203169.72
	26041.0
	255980.65
	225306.93
	51124.23
	130603.49
	64649.43
	70812.2
	207617.13
	151741.11
	312241.82
Customer#000000097	0.0
	73185.76
	45281.07
	117964.2
	174217.84
	65807.9
	28857.83
	116478.79
	226619.73
	56205.47
	327439.27
	433360.49
	46306.08
	302014.44
	112072.35
	334090.83
	183309.14
	151407.33
	45913.88
	234571.0
	371050.33
	135999.12
	154912.48
	103017.7
	197233.66
	61981.2
	196795.27
	232064.83
	69757.26
	23301.51
	53744.05
	76750.22
	112932.93
	99543.36
	298520.5
	350044.13
	92439.67
	75078.61
	177303.57
Customer#000000098	0.0
	159329.64
	79906.84
	180913.28
	34745.35
	122388.54
	83433.77
	104891.74
	237727.78
	5685.15
	156880.42
	138870.54
	243884.94
	423506.43
	179689.56
	27840.72
	325916.16
	302724.88
	172943.31
	266508.31
	229378.03
	36643.58
	174092.51
	31606.18
	131202.19
	56973.87
	54880.58
	90957.9
	48004.75
	147964.4
	70599.42
	253579.47
	60878.32
	349625.32
Customer#000000099	0.0
	76041.21
	71633.06
	233255.69
	335936.39
	70440.18
	263052.78
	21614.57
	224456.12
	216777.8
	30138.39
	174658.53
	29281.44
	186347.07
	79427.68
	14636.46
	186384.24
	193509.76
	157456.36
	2563.35
	204881.27
	154446.5
	109777.35
	173766.21
	233707.69
Customer#000099701	0.0
Customer#000099702	0.0
Customer#000099703	235017.59
Customer#000099704	0.0
Customer#000099705	0.0
Customer#000099706	238585.82
Customer#000099707	0.0
Customer#000099708	0.0
Customer#000099709	0.0
Customer#000099710	0.0
Customer#000099711	0.0
Customer#000099712	0.0
Customer#000099713	0.0
Customer#000099714	0.0
Customer#000099715	0.0
Customer#000099716	0.0
Customer#000099717	0.0
Customer#000099718	0.0
Customer#000099719	0.0
Customer#000099720	0.0
Customer#000099721	0.0
Customer#000099722	0.0
Customer#000099723	0.0
Customer#000099724	0.0
Customer#000099725	0.0
Customer#000099726	0.0
Customer#000099727	0.0
Customer#000099728	0.0
Customer#000099729	0.0
Customer#000099730	0.0
Customer#000099731	0.0
Customer#000099732	0.0
Customer#000099733	0.0
Customer#000099734	0.0
Customer#000099735	0.0
Customer#000099736	0.0
Customer#000099737	0.0
Customer#000099738	0.0
Customer#000099739	32817.63
Customer#000099740	0.0
Customer#000099741	0.0
Customer#000099742	0.0
Customer#000099743	0.0
Customer#000099744	0.0
Customer#000099745	0.0
Customer#000099746	0.0
Customer#000099747	0.0
Customer#000099748	0.0
Customer#000099749	0.0
Customer#000099750	0.0
Customer#000099751	0.0
Customer#000099752	0.0
Customer#000099753	0.0
Customer#000099754	0.0
Customer#000099755	0.0
Customer#000099756	0.0
Customer#000099757	0.0
Customer#000099758	0.0
Customer#000099759	0.0
Customer#000099760	0.0
Customer#000099761	0.0
Customer#000099762	0.0
Customer#000099763	0.0
Customer#000099764	0.0
Customer#000099765	0.0
Customer#000099766	0.0
Customer#000099767	0.0
Customer#000099768	0.0
Customer#000099769	0.0
Customer#000099770	0.0
Customer#000099771	0.0
Customer#000099772	0.0
Customer#000099773	0.0
Customer#000099774	0.0
Customer#000099775	0.0
Customer#000099776	0.0
Customer#000099777	0.0
Customer#000099778	0.0
Customer#000099779	0.0
Customer#000099780	0.0
Customer#000099781	0.0
Customer#000099782	0.0
Customer#000099783	0.0
Customer#000099784	161434.86
Customer#000099785	0.0
Customer#000099786	0.0
Customer#000099787	0.0
Customer#000099788	0.0
Customer#000099789	0.0
Customer#000099790	0.0
Customer#000099791	0.0
Customer#000099792	0.0
Customer#000099793	0.0
Customer#000099794	0.0
Customer#000099795	0.0
Customer#000099796	0.0
Customer#000099797	0.0
Customer#000099798	0.0
Customer#000099799	0.0
	43938.01
Customer#000099800	0.0
	48847.61
	120998.26
	201625.6
	334085.66
	138608.68
	268675.53
	150534.88
	261823.95
	50719.26
	137853.14
	224466.24
	134189.27
